3.8586340039e-05   5.0017870909e+01
8.4952455690e-05   1.1004363479e+02
1.4067994563e-04   1.8208078632e+02
2.0766730865e-04   2.6853437359e+02
2.8804699782e-04   3.7229169210e+02
3.8591870000e-04   4.9681957927e+02
5.0263598860e-04   6.4627999989e+02
6.4362255664e-04   8.2567197391e+02
8.1387608407e-04   1.0409996649e+03
1.0197716358e-03   1.2994762149e+03
1.2693051349e-03   1.6097694183e+03
1.5726335501e-03   1.9822983965e+03
1.9429103013e-03   2.4295924923e+03
2.3973162109e-03   2.9667263767e+03
2.6733248243e-03   3.2884976155e+03
3.0588215585e-03   3.6748668041e+03
3.4589589872e-03   4.1387754970e+03
3.9983964057e-03   4.6959093910e+03
4.7061770428e-03   5.3651347109e+03
5.7020362229e-03   6.1692168061e+03
7.4068227391e-03   7.1358567239e+03
9.2595286386e-03   7.7146360430e+03
1.1441716960e-02   8.0627684643e+03
1.4004485735e-02   8.2741670539e+03
1.6862200249e-02   8.4044617825e+03
1.9766385406e-02   8.4849336644e+03
2.2358852932e-02   8.5336445079e+03
2.7875786140e-02   8.5998411922e+03
3.3195898175e-02   8.6386430876e+03
5.0118991083e-02   8.7002507565e+03
6.4825561330e-02   8.7250638637e+03
7.8179748247e-02   8.7388125772e+03
8.8746884115e-02   8.7465216195e+03
1.0837721089e-01   8.7565547044e+03
1.2429094185e-01   8.7621800312e+03
1.5641099855e-01   8.7697363026e+03
1.8263558811e-01   8.7736919565e+03
2.0333682297e-01   8.7759534205e+03
2.1844944483e-01   8.7772571176e+03
2.4375057511e-01   8.7789395895e+03
